one_ind_byhost
MP_27
MP_39
MP_44
MP_5
MP_7
MP_23
MP_45
MP_28
MP_9
MP_13
MP_2
MP_38
MP_4
MP_46
POP
RppP1103718ter	,	246246	389389	172172	342350	187196	353353	323323	355358	210220	252252	000000	172183	311311	346349
RppP1300125	,	246249	389389	172172	344344	187196	350377	315323	346358	204220	252252	359362	170183	311311	331346
RppP1300137	,	246249	387389	172172	342344	187196	374377	318318	355358	210220	252252	359361	183183	311311	343343
RppP1301111	,	246246	389393	172172	344350	187196	374377	323323	358358	198220	252252	359359	183183	311311	343343
RppP1301123	,	246246	387393	172172	344350	187196	353377	318318	346355	204220	252252	359359	183183	311313	346349
RppP130116	,	246249	389389	166166	344344	187187	374377	318323	358358	210220	252252	359359	183183	311311	346346
RppP130271	,	246246	389395	172172	342342	187196	353377	323323	355358	204222	252252	359359	183183	311313	346346
RppP1302710	,	246246	389393	172172	344350	187196	350353	323323	346358	198220	252252	356359	183183	311311	346346
RppP1302712	,	249249	385391	172172	344350	187196	374377	323323	355358	210224	252252	359361	183219	311311	343343
RppP1302714	,	246246	389401	172172	344344	187196	350374	323323	358358	210210	252252	359361	170170	311311	346349
RppP1302722	,	246246	389391	172172	344344	187196	353377	323323	355355	210214	252252	359359	170183	311311	346346
RppP1302723	,	246246	389401	172172	344344	187196	350374	323323	358358	210210	252252	359361	170239	311311	346349
RppP1302724	,	246249	389389	172172	344350	187196	377377	323323	346358	204210	252252	359362	170183	311311	346349
RppP1300114	,	246246	389391	172172	344350	187187	353377	312323	355355	198210	252252	359359	170183	311311	343358
RppP1300118	,	246246	389389	162172	344344	196196	350377	323323	355358	210220	252252	359362	183183	311313	346346
RppP1300111	,	246246	389389	172172	342344	196196	353374	323329	358358	210220	252252	359362	170183	313313	346349
RppP130012	,	246246	389391	172172	344344	187196	374377	318323	355355	210220	250252	359362	170183	311311	346346
RppP1300117	,	246246	389401	172172	350350	196196	350353	323323	358358	198206	252252	359359	183209	311311	349349
RppP1300119	,	246249	391391	172172	344350	187196	353377	323323	355358	206220	252252	359362	183209	311311	346349
RppP1301115	,	246246	387389	000000	350350	196196	374377	323323	358358	214220	252252	359359	183241	311317	349349
RppP130112	,	246246	391391	162172	344344	187196	377377	312323	355358	210210	252252	359362	183183	311311	343346
RppP1302729	,	246246	387391	172172	344344	187196	353374	318323	358358	210210	252252	359362	183183	311311	343349
RppP1300123	,	246246	387389	172172	350350	196196	353377	323323	355355	210214	252252	359359	183183	311311	343346
RppP1300110	,	246246	389391	172172	350350	187189	353377	323329	358358	220220	252252	359359	183183	311311	343346
RppP1300115	,	246249	389389	172172	342350	189196	374377	323323	355358	198200	252252	359362	183183	311311	343346
RppP1300116	,	246246	367389	166172	344344	196196	353395	323323	358358	206214	252252	356359	183183	311311	346346
RppP1300120	,	246246	389391	172172	344344	187196	377377	323323	355355	204210	252252	359359	183219	313313	343346
RppP1300122	,	246246	389391	172172	342344	196196	374377	318323	355355	220220	252252	359359	168170	311311	340349
RppP1300126	,	246246	391393	172172	350350	187196	353377	323323	358358	210220	252252	359359	183183	311311	343343
RppP1300127	,	246246	389391	162172	344344	187196	377377	318329	358358	224224	252252	361362	170217	311311	340343
RppP1300128	,	246246	389391	162172	344344	196196	377377	318329	355358	224224	252252	359362	183217	311311	340343
RppP1300130	,	246246	389391	172172	344350	196196	374377	323329	355355	210220	252252	359359	170183	311313	343346
RppP1300131	,	246249	389393	172172	344350	187196	374374	318323	355358	200210	250252	359359	183235	311311	349358
RppP1300134	,	246246	387391	172172	342350	196196	353383	323329	358358	210210	252252	359362	183183	311313	343346
RppP1300135	,	246246	389391	172176	344344	196196	377377	323329	358358	198210	252252	359361	183215	311313	346349
RppP1300136	,	246249	389389	172172	350350	196196	374377	323329	346355	214220	252252	359359	183219	311311	346349
RppP1300140	,	246249	389389	172176	344350	000000	377377	315323	355358	214222	252252	347362	183215	311311	343346
RppP1300143	,	246246	389389	162162	344344	196196	353377	323329	358358	198214	252252	359359	183183	311311	343346
RppP1300146	,	246246	389391	176176	344344	196196	353377	315323	355358	210222	252252	359362	170209	311311	343346
RppP1300153	,	246246	389389	172172	344350	196196	374377	318323	355358	210210	252252	356361	168183	311311	343346
RppP1300154	,	246246	389389	162172	342350	187196	374377	309329	355358	210220	252252	359362	170183	311311	343346
RppP130018	,	246246	391391	162172	344350	189196	377377	323323	355358	202210	252252	359359	183209	311313	346346
RppP130019	,	246246	389389	172172	344344	196196	350353	323323	358358	206220	252252	359359	183183	311313	346346
RppP130111	,	246249	387389	166172	344350	196196	353374	318323	355358	198210	252252	359359	183183	311311	346346
RppP1301110	,	246246	391393	166172	344344	196196	353377	323323	355355	206210	252252	356356	183183	311311	343346
RppP1301112	,	246246	389391	172172	350350	187187	374377	323323	355358	210220	252252	359359	183215	311313	346346
RppP1301113	,	246246	389389	166172	344350	196196	374377	323323	355355	198214	252252	356359	183183	311311	346349
RppP1301114	,	246246	389389	172176	342350	187196	353377	323323	358358	210220	252252	359361	183183	311311	346349
RppP1301118	,	246246	387401	172172	342350	187187	353377	309329	355358	210224	252252	359359	170183	311313	343346
RppP1301119	,	246246	389389	172172	344344	196196	374374	323329	358358	210220	252252	359359	183183	311311	343346
RppP1301120	,	246246	389389	000000	344344	187196	377377	323323	358358	210210	252252	362362	183183	311313	346346
RppP1301121	,	246246	389391	166172	344344	196196	377377	329329	355358	198198	252252	359361	170183	311311	346349
RppP1301122	,	246246	389389	000000	344344	187196	377377	323323	358358	210210	252252	362362	183183	311313	346346
RppP1301124	,	246246	389391	172172	344344	196196	374377	323323	355355	204210	252252	359361	183241	311311	343346
RppP1301125	,	246246	389389	172172	344350	187187	353377	323323	358358	210210	252252	359359	183183	311311	343343
RppP1301126	,	246246	389389	000000	344344	187196	377377	323323	358358	210210	252252	362362	183183	311313	346346
RppP1301127	,	246249	387391	166172	344350	187187	353377	323323	358358	210210	252252	359359	183183	311313	346346
RppP130114	,	246246	391391	172176	344350	196196	353377	323323	358358	210210	252252	359362	170183	311311	343343
RppP130115	,	246246	389389	000000	342344	187196	353377	312323	358358	210210	252252	359361	183183	311311	343349
RppP130119	,	246246	389391	172172	344344	196196	377377	318323	358358	210224	252252	361361	183183	311311	346346
RppP1302715	,	246246	385387	172172	344344	196196	377377	323323	355358	000000	252252	359359	170183	311311	343346
RppP1302718	,	246249	387389	172172	344344	196196	353377	323323	355358	214214	252252	359361	183183	311311	346349
RppP1302721	,	246246	391401	172172	344344	196196	350353	323323	358358	206210	252252	359362	170185	311311	343346
RppP1302731	,	246246	391391	172172	344350	196196	377377	323323	358358	210210	252252	359359	170183	311311	346349
RppP1302732	,	246246	387389	172172	344344	187196	374383	318323	358358	210214	252252	356359	183183	311311	343346
RppP1302733	,	246249	389389	172172	350350	196196	374377	312329	355358	206220	252252	359359	170203	311311	343349
RppP1302734	,	246246	389391	172172	344344	187196	353377	323323	355355	210214	252252	359362	183183	311311	343346
RppP1302735	,	246246	389389	172172	350350	196196	353377	323329	358358	206210	252252	359359	170183	311311	343346
RppP130274	,	246246	389393	162172	344350	196196	350353	323323	346355	210220	252252	359359	183183	311311	346346
POP
RppC929710	,	249249	389391	172172	342350	196196	377377	318318	355355	200210	252252	359359	217241	311317	340343
RppC930714	,	246249	389393	172172	342344	187196	374377	309323	355358	210220	252252	359359	183183	311311	346346
RppC93904	,	249249	391393	162172	350350	187196	374377	312318	355358	210210	250252	359359	217237	311311	346358
RppC93117	,	249249	393395	172176	342344	196196	374377	315318	346355	204210	252252	359359	217219	311317	346358
RppC939028	,	249249	389391	172172	342350	196196	377377	318318	355355	000000	252252	359359	217241	311317	340343
RppC93867	,	249249	389391	172172	000000	196196	377377	318318	355355	200210	252252	359359	217241	311317	340343
RppC939613	,	249249	389391	000000	342350	196196	377377	318318	355355	200210	252252	359359	217241	311317	340343
RppC93124	,	249249	391391	172180	344350	196196	353374	318323	346358	210220	252252	359359	183213	311311	343358
RppC939018	,	249249	391393	162172	350350	187196	356374	312318	355358	210210	250252	359359	217235	311311	346358
RppC939021	,	249249	391393	162172	000000	187196	374377	312318	355358	210210	250250	359359	217237	311311	346358
RppC939235	,	249249	391391	172180	344350	196196	353374	318323	346358	198210	252252	359359	183215	311311	343358
RppC104046	,	246249	389389	172172	344344	196196	374377	315323	355358	210210	252252	359359	170183	311311	346349
RppC1040310	,	249249	391391	172180	344350	196196	353374	318323	346358	210220	252252	359359	183215	311311	343358
RppC1040225	,	246249	389391	172172	342344	196196	377383	322323	355358	202220	252252	359359	170172	311311	346346
RppC1040227	,	249249	389389	172176	344344	196196	353374	315318	358358	198210	252252	359361	209237	311311	346346
RppC10423K19	,	000000	391393	162172	350350	187196	374377	312318	355358	210210	250252	359359	217235	311311	346358
RppC1042418	,	249249	389391	172172	342350	196196	000000	318318	355355	200210	252252	359359	217241	311317	340343
RppC1042441	,	249249	391391	000000	344350	196196	353374	318323	346358	210220	252252	359359	183215	311311	343358
RppC1040818	,	249249	391393	162172	350350	187196	377377	318318	355355	200210	252252	359359	217241	311317	340343
RppC104221	,	249249	367393	162172	350350	187196	374377	312318	355358	210210	250252	359359	217235	311311	346358
RppC1042431	,	249249	391391	172180	344350	196196	374377	312318	355358	210210	000000	359359	217235	311311	346358
RppC1151817	,	246249	389389	172172	342350	187196	377377	318323	355358	210220	252252	359359	170217	311311	343346
RppC1152212	,	249249	389391	172196	342350	196196	377377	318318	355355	200210	252252	359359	217241	311317	340343
RppC1148310	,	249249	361389	176176	342344	196196	380408	315318	358358	210214	252252	359359	211217	311311	358358
RppC115233	,	249249	391393	162172	350350	187196	374377	312318	355358	192210	250252	359359	217235	311311	346358
RppC114831	,	249249	361389	199199	342344	196196	380408	315318	355358	210214	252252	359359	211217	311311	358358
RppC1148317	,	249249	361389	176176	342344	196196	380408	315320	358358	210214	252252	359359	211217	311311	358358
RppC1151312	,	249249	391393	162172	342350	187196	377377	312318	355355	200210	252252	359359	217235	311317	000000
RppC1151717	,	246249	387389	172172	344350	187196	377377	323332	355358	210214	252252	359359	170183	311311	343349
RppC1151818	,	249249	361391	172176	344350	196196	377380	315318	355358	198210	252252	359359	217235	311311	340358
RppC1151828	,	249249	389391	172172	342350	196196	377377	318318	355355	200210	252252	359359	217227	311317	340343
RppC115198	,	249249	391393	172180	344350	196196	353374	318323	346358	210220	252252	359359	183215	311311	343358
RppC1152112	,	249249	391393	162172	350350	187196	374377	312318	355358	210210	250252	359359	219235	311311	346358
RppC115232	,	249249	391393	162172	350350	187196	374377	312318	355358	210210	252252	359359	217235	311311	346358
RppC1328146	,	249249	391393	162172	350350	187196	374377	312318	355358	210210	250252	359359	217235	311311	346361
POP
2003GR2003GR1	,	249249	389389	162172	344350	187187	377389	315318	358358	214222	252252	359361	223227	311313	343346
2004GR2004GR5	,	246249	389395	162162	344350	196196	377380	318318	358358	198218	252252	359359	183237	311311	343343
2007FRTAB12A	,	249249	389391	172172	342350	196196	377377	318318	355355	200210	252252	359359	217241	311317	340343
2007FRTAB11A	,	249249	389391	172176	350350	189196	377377	315315	355355	210218	252252	361362	168168	311317	346346
2007FRTAB40A	,	246249	389391	172172	342344	196196	377383	323323	355358	202220	252252	359359	170172	311311	346346
2007FRTAB51A	,	246249	389391	172172	342344	196196	377383	322323	355358	202220	252252	359359	170172	311311	346346
2007FRTAB27A	,	249249	393395	172176	342344	196196	374377	315318	346355	204210	252252	359359	217219	311317	346358
2007FRTAB31A	,	249249	389389	172176	344344	196196	353374	315318	358358	198210	252252	359361	209237	311311	346346
2007FRTAB16A	,	249249	389391	172200	342350	196196	377377	318318	355355	200210	252252	359359	217241	311317	340343
2007FRTAB25A	,	246249	389395	162162	344344	196196	377392	318318	355358	198198	252252	361362	219235	311311	346349
2007FRTAB10A	,	249249	389393	172172	342350	196196	377377	318318	355355	200210	252252	359359	217241	311317	340343
2007FRTAB28A	,	249249	389391	172176	350350	189196	377377	315315	355355	210222	252252	361362	168168	311317	346346
2007FRTAB30A	,	246249	389393	162172	344344	196196	377392	315318	355358	218220	252252	359361	183237	311311	346346
2007FRTAB36A	,	246249	389391	172172	342344	183196	377383	323323	355358	202220	252252	359359	170172	311311	346346
POP
201406TV005	,	249249	389391	172172	342350	196196	377377	318318	355355	200210	252252	359359	217241	311317	340343
201406TV055	,	246246	387391	162172	344350	196196	377395	323323	355358	212220	252252	359361	170235	311311	343349
201406TV001	,	249249	391393	162172	350350	187196	374377	312318	355358	210210	250252	359359	217235	311311	346358
201406TV014	,	246249	389391	172176	344344	196196	377377	315318	355355	210222	252252	347359	209215	311311	346346
201406TV031	,	252252	391393	162172	350350	187196	374377	312318	355358	210210	250252	359359	217235	311311	346358
201406TV006	,	246249	389389	172172	342350	187196	377377	318323	355358	210220	252252	359359	170217	311311	343346
201407TV094	,	246249	389389	172172	344344	196196	350374	323323	346358	196214	252252	359362	203205	311311	343346
201406TV044	,	249249	391393	162172	350350	187196	374377	312318	355358	210210	250252	359359	217235	311311	000000
201406TV041	,	249249	391393	162172	350350	187196	374377	312318	355358	210210	000000	359359	217235	311311	346358
201406TV011	,	252252	391393	162172	350350	187196	374386	312318	355358	210210	250252	359359	217235	311311	346358
201406TV026	,	249249	389391	162172	350350	187196	374377	312318	355358	210210	250252	359359	217235	311311	346358
201406TV037	,	246246	387401	166180	344350	196196	353353	312329	358358	210214	252252	359359	170183	311311	343343
201406TV057	,	249249	389391	172180	343350	196196	353377	318318	355358	200220	252252	359359	183217	311311	343358
201406TV062	,	249249	391393	162172	350350	187196	374377	312318	355358	210210	250250	359359	217235	311311	346358
201406TV066	,	249249	391393	172172	342344	196196	374374	318318	346358	204220	252252	359359	215217	311311	343358
201407TV069	,	246249	389391	172176	344344	196196	377377	312318	355355	210222	252252	347359	209215	311311	346346
201407TV072	,	246249	391391	172172	342350	196196	377377	000000	355355	210210	252252	359359	183217	311317	340343
201407TV085	,	249249	391393	162172	350350	187196	374377	312318	355358	210210	250252	359359	217235	288311	346358
201407TV090	,	246249	389391	172172	350350	196196	377377	318323	355355	210210	252252	359359	183217	311311	343346
201407TV100	,	246246	389393	172172	342344	187196	353377	323323	355358	210214	252252	359362	183183	311311	343346
201407TV101	,	246249	387389	172172	342344	187196	374380	323323	358358	210212	252252	359359	170170	311311	346346
201407TV102	,	239249	387393	162166	344344	196199	353398	315320	346355	190200	250254	353356	225238	311319	328349
201407TV105	,	246246	387389	172172	350350	196196	353380	318323	358358	210222	252252	356359	183183	311311	343346
124793A	,	246249	389391	172176	344344	196196	377377	315318	355355	210222	252252	347359	209215	311311	346346  