one_ind_byclustrap
MP_27
MP_39
MP_44
MP_5
MP_7
MP_23
MP_45
MP_28
MP_9
MP_13
MP_2
MP_38
MP_4
MP_46
POP
AgrAph200114J62	,	246249	367387	172172	342344	187196	353374	323323	355358	210220	252252	359359	000000	311311	343343
AgrAph200124J42	,	246246	387391	176176	344350	182196	000000	318323	355358	204210	252252	359359	183185	311311	346349
AgrAph200124J72	,	246246	387391	172172	342350	187196	374377	318323	355358	210210	252252	359359	170207	311311	346346
AgrAph200125J72	,	246246	387389	172172	342350	187196	356377	323323	358358	210210	252252	359359	183219	313313	346349
AgrAph200127J26	,	246249	389393	172172	342344	187196	353377	323323	355358	210210	252252	359361	170183	311311	343346
AgrAph200127J27	,	246246	389391	172172	350350	187187	353374	312323	358358	210210	252252	361362	183183	311313	346346
AgrAph200127J22	,	246246	389389	176176	344350	187196	377377	318323	355358	214220	252252	359362	183241	311311	343343
AgrAph200127J23	,	246246	389391	162172	342344	196196	377377	318323	358358	198214	252252	356361	170183	311311	346349
AgrAph200127J24	,	246246	387389	162162	344344	187196	353377	323329	355358	206206	252252	356359	183183	311311	346346
AgrAph200127J25	,	246246	387387	172180	350350	187187	377377	318323	355358	204220	252252	359359	183183	311311	346349
AgrAph200127J43	,	246246	389391	172172	344350	187196	353353	323323	000000	210220	252252	359361	172183	311311	331343
AgrAph200127J52	,	246246	389393	172172	344344	187196	356377	309323	358358	210224	252252	359359	183183	311311	346349
AgrAph200127J73	,	246246	389391	172172	350350	187196	353377	323329	355358	206210	252252	356359	183215	311311	346349
AgrAph200128J23	,	246249	389393	166172	344350	187196	356377	323323	358358	220224	252252	359359	183183	311311	343349
AgrAph200128J24	,	246249	387389	172172	344350	187196	353377	323323	355358	206210	252252	356359	170183	311311	343346
AgrAph200128J41	,	246246	389389	172176	344350	187196	356377	309312	355358	210210	252252	359359	170183	311311	349358
AgrAph200129J42	,	246246	371393	000000	350350	187196	374377	323323	358358	210210	252252	359359	170183	311311	349349
AgrAph200129J61	,	246249	391391	000000	344344	187196	353377	329329	358358	210210	252252	359359	170183	311311	343346
AgrAph200130J41	,	246249	389389	176176	342350	187196	000000	323329	355358	220224	252252	359359	183183	311311	343343
AgrAph200130J71	,	246246	389389	172172	344350	187196	353353	323329	358358	210222	252252	359362	183183	311311	346346
AgrAph200132J21	,	246246	387389	172172	344350	187196	353377	318323	355358	210220	252252	359361	183183	311311	346349
AgrAph200132J41	,	246246	387389	172172	344350	187196	377377	323323	355358	214224	252252	359361	183183	311311	343343
AgrAph200132J71	,	246249	389391	172172	344350	187196	353377	323329	358358	210210	252252	356361	183203	311311	343346
AgrAph200138J21	,	246249	387389	172172	344344	187196	353377	318329	355358	210210	252252	359359	183215	311311	343346
AgrAph200140J51	,	246249	387389	172172	344344	187196	377377	318329	355358	210210	252252	359359	183215	311311	343346
AgrAph200141J72	,	246246	391391	172172	342350	196196	374377	312329	355358	204222	252252	359362	172183	311311	343349
AgrAph200145J11	,	246249	389389	162162	342342	187196	353374	323323	355355	198214	252252	359362	170219	311311	346346
AgrAph200223J41	,	246246	387389	172172	344350	196196	353374	323329	358358	210230	252252	347362	183183	311311	343349
AgrAph200224J36	,	246246	389393	000000	344344	196196	374374	323323	358358	204214	252252	347361	170183	311311	346349
AgrAph200224J38	,	246246	391393	172172	344350	196196	377377	318323	358358	204210	252252	359359	183183	311311	343346
AgrAph200225J22	,	246246	387389	162172	344344	196196	374377	323323	358358	210224	252252	359361	183183	311313	346349
AgrAph200226J61	,	246246	387389	172172	344350	187196	374377	318323	355358	214220	252252	356359	183183	311311	346349
AgrAph200226J62	,	246246	387387	172172	344350	196196	374374	329329	358358	204220	252252	356359	183183	311311	346346
AgrAph200229J21	,	246246	389389	172172	344350	187196	353377	323329	358358	210214	252252	347359	170183	311313	343346
AgrAph200230J71	,	246246	391393	172172	344350	187187	353377	318323	358358	210210	252252	347359	170187	311311	343346
AgrAph200231J62	,	246246	391391	166172	344344	196196	350377	323329	358358	210212	252252	356359	187209	311311	343343
AgrAph200235J51	,	000000	387389	172172	350350	196196	377377	309318	358358	210214	252252	359359	183183	311311	343346
AgrAph200241J21	,	246246	389393	000000	344350	196196	374377	323323	358358	210220	252252	359361	183209	311311	343346
AgrAph200242J51	,	246246	387389	172172	345350	196196	353374	315323	355358	210214	252252	356362	183187	311313	346346
AgrAph200244J21	,	249249	387393	000000	344350	196196	353377	326326	355358	210210	252252	359359	183241	311311	346346
AgrAph200246J62	,	246246	389391	000000	344344	187196	353377	309323	358358	210210	252252	359359	183183	311311	349349
AgrAph200316J51	,	249249	387395	000000	344350	196196	353377	323323	355358	210210	252252	359359	183241	311311	346346
AgrAph200320J21	,	246246	387389	172172	344350	187189	377377	318323	358358	210220	252252	359359	183183	311313	343343
AgrAph200324J22	,	246246	389389	172172	344344	187196	353377	312323	358358	210210	252252	359359	183241	311313	343346
AgrAph200326J21	,	246246	387393	172172	344344	187196	374377	312326	358358	204210	252252	347356	183183	311313	343346
AgrAph200334J61	,	246249	389391	172172	344344	196196	377383	322323	355358	202220	252252	359359	170172	311311	346346
AgrAph200341J72	,	246249	389393	172172	342344	187196	374377	309323	355358	210220	252252	359359	183183	311311	346346
AgrAph200342J61	,	246249	387389	162162	342350	196196	374395	323323	358358	214220	252252	359362	183183	311311	343349
AgrAph200349J71	,	246249	389391	172172	342344	196196	377383	323323	355358	202220	252252	359359	170172	311311	346346
AgrAph200418J55	,	249249	387393	000000	344350	196196	353377	323323	355358	210210	252252	359359	183241	311311	346346
AgrAph200418J56	,	246249	391393	172172	344350	187196	374377	323329	355358	210220	252252	359359	183183	311311	346346
AgrAph200423J51	,	000000	387393	172172	344344	196196	374377	323329	358358	210210	252252	361361	181203	311313	343346
AgrAph200424J31	,	246249	389391	172172	342344	196196	377383	322323	355358	202220	252252	359359	170172	311311	346346
AgrAph200426J41	,	246246	389389	172172	344350	187196	374374	323323	355355	214220	252252	359359	183183	311311	349349
AgrAph200426J42	,	246249	389401	166166	342344	196196	353374	323323	346355	220224	252252	359361	183183	311311	343349
AgrAph200429J41	,	246246	389389	172172	344344	196196	374377	323329	346358	210214	252252	359361	183183	311311	343349
AgrAph200429J61	,	246246	387391	162172	344350	196196	377395	323323	355358	212220	252252	359361	170235	311311	343349
AgrAph200431J41	,	246246	389391	162172	350350	187187	000000	323323	358358	204210	252252	359359	183209	311311	346349
AgrAph200431J51	,	246246	387391	172172	344350	187196	353377	323323	355355	210220	252252	359359	183183	311313	343349
AgrAph200431J71	,	246246	389391	172172	344350	196196	353353	323323	355355	214214	252252	359359	183183	311311	343349
AgrAph200432J71	,	246246	387391	162172	344350	196196	377395	323323	355358	212220	252252	359362	170235	311311	343349
AgrAph200440J31	,	246246	387391	172172	342342	187196	000000	318318	358358	210214	252252	359362	183183	311311	346346
AgrAph200440J61	,	246246	387387	172172	344344	196196	377395	323329	355358	210220	252252	359359	170183	311311	346349
AgrAph200440J71	,	246246	389389	172172	344344	187196	377377	323329	355358	210224	252252	359362	176209	311311	346349
AgrAph200441J31	,	246249	389389	172172	342344	196196	377377	315329	358358	210210	252252	347359	183183	311313	346346
AgrAph200441J41	,	246249	387391	172180	344344	187196	350353	318323	355355	210220	252252	359362	183185	311311	343343
AgrAph200442J41	,	246246	391393	162172	350350	187196	377377	323329	355358	212214	252252	359359	183183	311311	343349
AgrAph200442J42	,	246249	387389	166172	342350	187196	350374	323323	355358	210220	252252	359362	183183	311311	343346
AgrAph200442J71	,	246246	389389	172172	342344	187196	374377	312312	355358	210210	252252	359359	183183	311311	346346
AgrAph200443J41	,	246246	389389	172172	344350	187196	374374	323329	358358	204210	252252	359361	170241	311311	343346
AgrAph200444J62	,	246249	389389	172172	350350	196196	353353	323323	355358	214214	252252	359359	183183	311311	346346
AgrAph200520J31	,	246249	389389	172172	344350	196196	353353	323323	358358	204220	252252	359359	183183	311311	337337
AgrAph200524J31	,	246249	387389	172172	344344	187196	000000	318329	355358	210220	252252	359359	183215	311311	343346
AgrAph200527J21	,	246249	391391	172172	342344	187196	000000	318323	358358	220220	252252	359359	183183	311311	346346
AgrAph200530J41	,	246249	389391	172172	342344	196196	000000	322323	355358	202220	252252	359359	170172	311311	346346
AgrAph200535J41	,	246246	389393	172172	344350	196196	000000	323323	355358	210220	252252	359359	183183	311311	346349
AgrAph200535J61	,	246246	389391	172172	350350	187196	377377	312323	358358	210222	252252	359359	170183	311311	343346
AgrAph200542J23	,	246246	387387	162172	350350	196196	000000	323323	358358	210220	252252	347362	183183	311311	343346
AgrAph200542J32	,	246246	389391	162172	342344	196196	000000	318323	358358	206210	252252	347359	183183	311311	346349
AgrAph200542J71	,	246246	387387	172172	342344	187196	000000	318323	355355	214224	252252	359359	183185	311313	343346
AgrAph200543J22	,	246246	371389	172172	344344	187196	000000	318323	355355	214220	252252	359359	181241	311311	343343
AgrAph200543J31	,	246246	389401	172172	344344	196196	374377	312323	358358	206210	252252	359359	170187	311311	343346
AgrAph200544J31	,	246246	389389	000000	344344	187196	392392	323323	355358	204220	252252	347359	183183	311311	346346
AgrAph200544J51	,	246246	389389	172172	344344	196196	000000	323323	358358	210210	252252	361362	183183	311311	343343
AgrAph200544J53	,	246249	385391	172172	342344	196196	377383	322323	355358	202220	252252	359359	170172	311311	346346
AgrAph200544J62	,	246249	401401	172172	342344	196196	377377	329329	358358	210220	252252	359361	183183	311311	349349
AgrAph200620J32	,	246249	387391	172172	344350	187196	353377	318318	358358	210220	252252	359359	170183	311311	343343
AgrAph200625J25	,	246249	387389	172172	344344	187196	000000	318329	355358	210220	252252	359359	183215	311311	343346
AgrAph200636J11	,	246246	389393	172172	342350	196196	000000	323329	346358	210222	252252	359359	183183	311311	346346
AgrAph200636J51	,	246246	389393	176176	350350	187187	000000	315323	358358	204214	252252	359359	170183	311311	346346
AgrAph200641J31	,	246246	387389	172172	350350	196196	000000	309323	355355	210220	252252	359359	183183	311311	343346
AgrAph200642J12	,	246246	387389	172172	342344	196196	000000	323323	355358	220222	252252	359362	183183	311311	343343
AgrAph200643J61	,	246249	389391	172172	342344	196196	356359	322323	355358	202220	252252	359359	170172	311311	346346
AgrAph200644J11	,	246246	389393	172172	344350	196196	377377	323329	355358	210222	252252	359359	183183	311311	346346
AgrAph200644J21	,	246249	387391	166172	342344	187196	000000	323323	346358	196210	252252	359359	170170	311311	346349
AgrAph200646J11	,	246246	391391	172172	344350	187196	000000	323323	355358	206214	252252	359361	183183	311311	349349
AgrAph200715J11	,	246249	389389	172172	342344	196196	374377	312323	355358	210210	252252	359359	170187	311311	346346
AgrAph200715J21	,	246249	389391	172172	342344	187196	374377	323329	355358	210210	252252	359359	170170	311311	343346
AgrAph200716J31	,	249249	387391	172172	344350	196196	377377	318323	355358	210220	252252	359359	183183	311311	343346
AgrAph200716J42	,	246249	387387	172172	344344	196196	353380	309318	355358	210210	252252	359359	170183	311311	343346
AgrAph200725J11	,	246246	389389	162162	342344	187196	377377	323329	358358	204210	252252	362362	183183	311311	343343
AgrAph200733J11	,	246246	387395	172172	342342	196196	000000	323329	358358	210220	252252	359362	183238	311311	343343
AgrAph200739J21	,	246249	387389	172172	344344	187196	356377	318329	355358	210210	252252	359359	183215	311311	343346
POP
AgrAph200220J42	,	249249	361369	172172	350350	189196	374386	318318	346355	210210	250252	359359	170235	311311	346346
AgrAph200237J61	,	249249	361389	162172	342350	196196	374380	318318	346346	210210	250252	347356	235238	311311	343346
AgrAph200317J72	,	000000	361389	162162	342350	196196	374380	318318	346346	210210	250252	347356	235238	311311	343346
AgrAph200423J52	,	249249	361389	162172	342350	196196	350356	318318	346346	210210	000000	347356	235238	311311	343346
AgrAph200522J43	,	249249	361389	162172	342350	196196	000000	318318	346346	210220	250252	347356	235238	311311	343346
AgrAph200523J11	,	249249	361389	162172	342350	196196	000000	318318	346346	210220	250252	347356	235238	311311	343346
AgrAph200523J51	,	249249	361389	162172	342350	196196	000000	318318	346346	210220	250252	347356	235238	311311	343346
AgrAph200524J14	,	249249	361389	162172	342350	196196	000000	318318	346346	210220	250252	347356	235238	311311	343346
AgrAph200524J21	,	249249	361389	162172	342350	196196	000000	318318	346346	210220	250252	347356	235238	311311	343346
AgrAph200536J41	,	249249	389391	172172	342350	196196	356377	318318	355355	200210	252252	359359	217241	311317	340343
AgrAph200541J11	,	249249	389391	172172	342350	196196	377377	318318	355355	200210	252252	359359	217241	311317	340343
AgrAph200627J71	,	249249	389391	172172	342350	196196	356380	318318	355355	200210	252252	359359	217241	311317	340343
AgrAph200637J41	,	249249	361389	162172	342350	196196	000000	318318	346346	210220	250252	347356	235238	311311	343346
AgrAph200643J64	,	249249	389391	172172	342350	196196	000377	318318	355355	200210	252252	359359	217241	311317	340343
AgrAph200644J13	,	249249	389391	172172	342350	196196	000000	318318	355355	200210	252252	359359	217241	311317	340343
AgrAph200645J21	,	249249	389391	172172	342350	196196	353377	318318	355355	200210	252252	359359	217241	311317	340343
AgrAph200740J72	,	249249	389391	172172	342350	196196	356377	318318	355355	200212	252252	359359	217241	311317	340343
AgrAph200742J44	,	249249	389391	171171	342350	196196	377377	318318	355355	200210	252252	359359	217241	311317	340343
AgrAph200743J41	,	249249	389391	171172	342350	196196	377377	318318	355355	200210	252252	359359	217241	311317	340343
POP
AgrAph200121J33	,	249249	391391	172180	344350	182196	353374	318323	346358	210220	252252	359359	183215	311311	343358
AgrAph200133J61	,	249249	391401	172172	344350	189196	353377	315315	355358	206220	252252	359362	207238	311311	343346
AgrAph200138J61	,	249249	391391	172180	344350	196196	353374	318323	346358	210220	252252	359359	183215	311311	343358
AgrAph200142J21	,	246249	389393	172180	344350	196196	374377	318318	358358	210210	252252	356359	183215	311311	346358
AgrAph200142J11	,	249249	389395	172176	344350	189196	377383	318318	346355	210210	252252	356356	199215	311311	340343
AgrAph200144J23	,	249249	391393	180180	342350	187196	353374	318323	358358	210210	252252	356359	183215	311311	346358
AgrAph200219J33	,	249249	391391	172180	344350	196196	353374	318323	346358	210220	252252	359359	183203	311311	343358
AgrAph200222J42	,	249249	391391	172172	344350	196196	353374	318323	346358	210220	252252	359359	183215	311311	343358
AgrAph200224J62	,	249249	391391	000000	344350	182196	353374	318323	346358	210220	252252	359359	183215	311311	343343
AgrAph200318J74	,	000000	389393	172172	344350	196196	374377	318318	358358	210210	252252	356359	183215	311311	346358
AgrAph200320J64	,	249249	375389	162172	342350	187196	353377	318323	358358	210222	252252	356359	183215	311311	343346
AgrAph200320J75	,	249249	391391	172180	344350	196196	353374	318323	346358	210220	252252	359359	183217	311311	343358
AgrAph200337J71	,	249249	389391	172176	350350	189196	377377	315315	355355	210218	252252	361362	168168	311317	346346
AgrAph200345J41	,	249249	391395	162162	344350	187189	377377	318318	358358	204218	252256	359359	231235	311311	346349
AgrAph200345J61	,	249249	389391	172172	344350	189196	371377	312318	355358	206210	252252	359362	207238	311311	343346
AgrAph200417J71	,	249249	391391	172180	344350	196196	353374	323323	346358	210220	252252	359359	183215	311311	343358
AgrAph200419J41	,	246249	391391	176176	344344	196196	374377	309315	355355	214220	252252	347362	172183	311311	331343
AgrAph200424J42	,	246249	391403	172176	344344	196196	374377	309315	355358	206220	252252	359362	172183	311311	343349
AgrAph200444J61	,	249249	361389	164176	344344	187196	377380	309315	358358	198210	252252	356359	211235	311311	343358
AgrAph200541J21	,	246249	389393	172180	344350	196196	000000	318318	358358	210220	252252	356359	183215	311311	346358
AgrAph200544J71	,	246249	389395	162162	344344	196196	377392	318318	355358	198198	252252	000000	219235	311311	346349
AgrAph200625J53	,	246249	389393	172180	344350	196196	000000	318318	358358	210220	252252	356359	183215	311311	346358
AgrAph200643J51	,	246249	389389	164164	344344	196196	000000	309309	358358	210210	252252	356356	183211	311311	343343
AgrAph200721J54	,	249249	389391	176176	342342	189196	371371	318318	346358	210214	252252	359359	215217	311311	343358
AgrAph200740J13	,	246249	389393	172180	344350	196196	000000	318318	358358	196210	252252	356359	183215	311311	346358
POP
AgrAph200114J21	,	269271	364368	166166	341341	180182	350356	315318	361361	200200	245245	329344	000000	315315	334334
AgrAph200119J31	,	253271	364364	166166	341344	183183	356356	315318	361361	200206	245245	344356	160160	315315	334334
AgrAph200121J14	,	253253	364364	166166	341344	183183	356356	318318	361361	200206	245245	344356	160160	315317	334334
AgrAph200122J43	,	269271	364368	166166	341341	180182	350356	315318	361361	200200	245245	329344	219227	315315	334334
AgrAph200124J41	,	246253	364368	166166	341341	180182	356356	315315	361361	200200	245245	356356	160217	315315	334334
AgrAph200214J21	,	253271	364364	166166	341344	180180	350356	322322	361361	200206	245245	356359	160195	315317	334337
AgrAph200218J12	,	246271	364364	166166	341344	180183	356362	315315	361361	180200	245245	344356	160160	315315	322334
AgrAph200222J33	,	246271	364364	166166	341344	180183	356356	315315	361361	200200	245245	356359	160160	315315	322334
AgrAph200222J45	,	253253	364364	166166	341344	183183	356356	315318	361361	200206	245245	344356	160227	315315	334334
AgrAph200222J41	,	269271	364368	166166	341341	180182	350356	315318	361361	200210	245245	329344	219227	315315	334334
AgrAph200224J35	,	253271	364364	166166	341344	183183	356356	315318	361361	200206	245245	344356	160227	315315	334334
AgrAph200224J310	,	000000	364368	166166	341341	180182	350356	315318	361361	200200	245245	329344	219229	315315	334334
AgrAph200241J61	,	246246	364364	166166	341344	180183	356356	315315	361361	200200	245245	356359	160160	315315	322334
AgrAph200316J11	,	253253	364364	166166	344344	180183	356359	315318	361361	180200	245245	344356	160229	315319	322334
AgrAph200316J21	,	246246	364364	166166	341344	180183	356356	315315	361361	200200	245245	356361	160160	315315	322334
AgrAph200317J22	,	253253	364364	166166	341344	180180	350356	322322	361361	200206	245245	356361	160195	315317	334337
AgrAph200418J22	,	253253	364368	166166	341344	180182	356359	315318	361361	200206	245245	329344	227227	315317	334334
AgrAph200419J42	,	269271	364368	166166	341341	180182	350356	315318	361361	200200	245245	329344	217227	315315	334334
AgrAph200421J62	,	000000	364364	166166	341344	180180	350356	322322	361361	200206	245245	356361	160197	315317	334337
AgrAph200423J33	,	253253	364368	166166	341344	180182	356359	315318	361361	200206	245245	329344	160160	315317	334334
AgrAph200618J51	,	253269	364368	166166	341341	180182	350356	315318	361361	200200	245245	329356	160217	315317	334334
AgrAph200621J71	,	246253	364364	166166	341344	180183	356356	315315	361361	200206	245245	344359	160160	315315	334334
AgrAph200715J41	,	246246	364364	166166	341341	180183	356356	315315	361361	200200	245245	356356	160160	315315	334334
AgrAph200715J43	,	253273	364364	166166	341344	180180	350356	322322	361361	200206	245245	356359	160195	315317	334337
AgrAph200725J53	,	238252	364364	166166	341344	180183	356356	315318	361361	200200	245245	344359	199225	315321	334334  